22 16050408 rs149201999 0.060000
22 16050612 rs146752890 0.080000
22 16050678 rs139377059 0.050000
22 16050984 rs188945759 0.002300
22 16051107 rs6518357 0.060000
22 16051249 rs62224609 0.070000
22 16051347 rs62224610 0.300000
22 16051453 rs143503259 0.070000
22 16051477 rs192339082 0.000900
22 16051480 rs79725552 0.060000
22 16051497 rs141578542 0.300000
22 16051722 rs201906224 0.010000
22 16051867 rs184287184 0.000500
22 16051882 rs2843213 0.050000
22 16052080 rs4965031 0.150000
22 16052112 rs187181153 0.000500
22 16052159 rs191584855 0.000500
22 16052239 rs6518413 0.460000
22 16052240 rs184458566 0.001800
22 16052250 rs4965019 0.120000
22 16052271 rs188996808 0.010000
22 16052513 rs149255970 0.380000
22 16052618 rs148015672 0.310000
22 16052639 rs142442817 0.002300
22 16052656 rs2843217 0.050000
22 16052684 rs139918843 0.020000
22 16052838 rs2105538 0.060000
22 16052853 rs149990453 0.001800
22 16053001 rs142324053 0.150000
22 16053197 rs147891127 0.050000
22 16053201 rs181672050 0.000900
22 16053431 rs185556414 0.000900
22 16053435 rs141087528 0.050000
22 16053444 rs80167676 0.060000
22 16053485 rs137924577 0.004100
22 16053509 rs142325435 0.050000
22 16053659 rs141264943 0.760000
22 16053727 rs141794080 0.050000
22 16053730 rs117569664 0.040000
22 16053746 rs144535625 0.020000
22 16053758 rs915677 0.080000
22 16053791 rs11703994 0.180000
22 16053797 rs190464175 0.050000
22 16053814 rs113763510 0.003700
22 16053843 rs181029838 0.000500
22 16053862 rs62224614 0.070000
22 16053881 rs144579046 0.020000
22 16054007 rs185309148 0.001400
22 16054283 rs139976143 0.050000
22 16054667 rs3013006 0.310000
22 16054671 rs188793777 0.001800
22 16054694 rs181213123 0.000500
22 16054713 rs9604721 0.010000
22 16054721 rs146865030 0.002700
22 16054740 rs55926024 0.510000
22 16054800 rs10154476 0.050000
22 16054839 rs73877820 0.010000
22 16054957 rs138609161 0.002700
22 16054960 rs12159982 0.010000
22 16055003 rs150314208 0.050000
22 16055070 rs4389403 0.150000
22 16055098 rs185578650 0.000500
22 16055121 rs191676726 0.000500
22 16055122 rs117246541 0.050000
22 16055133 rs183479812 0.000500
22 16055171 rs12628452 0.030000
22 16055230 rs140593956 0.010000
22 16055240 rs192274909 0.001400
22 16055407 rs140020627 0.003700
22 16055796 rs151049930 0.050000
22 16055912 rs139902104 0.002700
22 16055924 rs182285868 0.000500
22 16055942 rs72613661 0.800000
22 16056274 rs186605673 0.001400
22 16056688 rs143509765 0.060000
22 16056801 rs147998486 0.004100
22 16056863 rs191142754 0.050000
22 16056877 rs182595731 0.003700
22 16056936 rs60899456 0.020000
22 16056965 rs145922255 0.060000
22 16057210 rs186828090 0.000500
22 16057211 rs192918419 0.050000
22 16057231 rs185237673 0.004600
22 16057288 rs111809146 0.060000
22 16057310 rs138295790 0.030000
22 16057320 rs190581814 0.010000
22 16057417 rs62224618 0.070000
22 16057494 rs148738707 0.060000
22 16057508 rs193233604 0.000900
22 16058420 rs144961645 0.004100
22 16058758 rs149413786 0.180000
22 16058852 rs79783330 0.680000
22 16058883 rs78382677 0.590000
22 16059040 rs148050615 0.010000
22 16059043 rs183928543 0.040000
22 16059154 rs138849161 0.050000
22 16059734 rs80010522 0.180000
22 16059752 rs139717388 0.060000
22 16059753 rs114433833 0.320000
22 16059952 rs144366698 0.010000
22 16059973 rs148791235 0.050000
22 16060239 rs150928507 0.050000
22 16060245 rs139440428 0.001400
22 16060261 rs188357140 0.000900
22 16060301 rs180764269 0.000500
22 16060308 rs185715549 0.000500
22 16060315 rs189693860 0.001800
22 16060354 rs181883889 0.001400
22 16060389 rs186876264 0.003200
22 16060427 rs113414372 0.002300
22 16060451 rs192069080 0.000500
22 16060460 rs183331328 0.002300
22 16060567 rs143164330 0.060000
22 16060639 rs62224621 0.180000
22 16060732 rs186144480 0.002700
22 16060757 rs189714775 0.001800
22 16060797 rs78316838 0.750000
22 16060995 rs2843244 0.060000
22 16061016 rs9617528 0.170000
22 16061100 rs2844848 0.060000
22 16061139 rs140028160 0.040000
22 16061250 rs60160543 1.000000
22 16061280 rs12160291 0.010000
22 16061294 rs62224636 0.060000
22 16061304 rs139559240 0.000500
22 16061647 rs150986859 0.310000
22 16062270 rs182063228 0.010000
22 16062304 rs115484056 0.010000
22 16063154 rs79600304 0.490000
22 16063369 rs2844853 0.090000
22 16063424 rs4589849 0.020000
22 16063471 rs139413829 0.060000
22 16063484 rs188134936 0.000900
22 16063753 rs149906115 0.020000
22 16065693 rs138589709 0.010000
22 16065714 rs117032860 0.030000
22 16067555 rs141208996 0.290000
22 16069481 rs12160578 0.010000
22 16069707 rs1811028 0.370000
22 16069771 rs1811029 0.350000
22 16069894 rs141354909 0.010000
22 16069935 rs192902766 0.000500
22 16070003 rs140813654 0.100000
22 16071987 rs183560222 0.010000
22 16072033 rs78295774 0.190000
22 16078974 rs188606948 0.490000
22 16079732 rs2508061 0.230000
22 16079770 rs7284370 0.310000
22 16079795 rs2508062 0.370000
22 16080420 rs185009255 0.000900
22 16096466 rs200520879 0.010000
22 16099138 rs140586093 0.020000
22 16101009 rs199657739 0.010000
22 16107823 rs200587564 0.030000
22 16110050 rs200984026 0.030000
22 16110789 rs200180246 0.020000
22 16115573 rs12628617 0.060000
22 16115659 rs536476 0.002700
22 16115807 rs200388315 0.020000
22 16118637 rs201938999 0.030000
22 16118639 rs200017966 0.010000
22 16120517 rs200961957 0.010000
22 16120558 rs191469382 0.950000
22 16123409 rs146906359 0.040000
22 16123427 rs200592799 0.010000
22 16123812 rs78836339 0.250000
22 16130350 rs201256827 0.030000
22 16130558 rs189697741 0.030000
22 16132101 rs150753069 0.980000
22 16134558 rs199998412 0.004100
22 16137596 rs201109178 0.010000
22 16138569 rs76926740 0.900000
22 16140370 rs2096606 0.860000
22 16140792 rs12162831 0.290000
22 16140924 rs2212069 0.020000
22 16140991 rs2713394 0.840000
22 16141164 rs2713395 1.000000
22 16143451 rs144271776 0.040000
22 16143454 rs200274259 0.050000
22 16143946 rs145324540 0.880000
22 16145458 rs201309305 0.010000
22 16146771 rs190325086 0.070000
22 16148024 rs201403902 0.080000
22 16148073 rs2844958 0.000900
22 16151190 rs201164934 0.010000
22 16152288 rs150880246 0.002300
22 16152415 rs144530981 0.004600
22 16154873 rs142259989 0.660000
22 16155262 rs186282246 0.010000
22 16158548 rs202210280 0.010000
22 16159060 rs72613662 0.870000
22 16162219 rs139448371 0.010000
22 16164909 rs200326995 0.010000
22 16165383 rs201404083 0.140000
22 16165776 rs141865697 0.140000
22 16166919 rs199662619 0.010000
22 16173887 rs201018909 0.030000
22 16187918 rs202211574 0.002700
22 16188603 rs181011912 0.020000
22 16191195 rs200391621 0.010000
22 16193637 rs150417216 0.004100
22 16193658 rs186003613 0.000900
22 16197677 rs200691780 0.004600
22 16199194 rs142537960 0.010000
22 16199503 rs140982498 1.000000
22 16199792 rs6518380 0.010000
22 16199871 rs183342418 0.000500
22 16199921 rs145711952 0.060000
22 16201313 rs201375085 0.030000
22 16202604 rs141867357 0.010000
22 16202725 rs187882552 0.002700
22 16203847 rs202166251 0.060000
22 16205515 rs144309057 0.010000
22 16208755 rs144647412 0.020000
22 16210713 rs190650267 0.000900
22 16211544 rs182888736 0.004100
22 16213446 rs201273067 0.020000
22 16216618 rs139826667 0.010000
22 16216625 rs143158770 0.010000
22 16216638 rs188056750 0.040000
22 16218037 rs192512900 0.001800
22 16218973 rs146217888 0.010000
22 16220070 rs146406927 0.003700
22 16220392 rs149908594 0.050000
22 16221095 rs184482810 0.001800
22 16221893 rs187923186 0.001800
22 16222030 rs192210333 0.000500
22 16228299 rs139521243 0.050000
22 16228479 rs7290214 0.010000
22 16228502 rs60588218 0.020000
22 16228514 rs57744904 0.030000
22 16228619 rs4819397 0.650000
22 16228652 rs143231389 0.050000
22 16228755 rs148287952 0.010000
22 16228784 rs142940700 0.060000
22 16229113 rs181662041 0.002300
22 16229118 rs118061773 0.060000
22 16229148 rs3001763 0.700000
22 16230203 rs184313718 0.010000
22 16230553 rs200500078 0.030000
22 16231396 rs189427865 0.010000
22 16231429 rs143347196 0.003200
22 16231544 rs181833643 0.000500
22 16232088 rs12627912 0.030000
22 16235669 rs191126463 0.000900
22 16235725 rs139546946 0.004100
22 16235732 rs144666531 0.770000
22 16236068 rs200925246 0.010000
22 16237036 rs180695922 0.000500
22 16237058 rs186596399 0.001800
22 16239976 rs141300208 0.004600
22 16239979 rs150212269 0.030000
22 16240905 rs138139885 0.520000
22 16242273 rs199853149 0.500000
22 16250783 rs183200494 0.000500
22 16250825 rs187462030 0.001400
22 16250859 rs115879525 0.160000
22 16251084 rs201110972 0.110000
22 16252532 rs149771619 0.040000
22 16252594 rs144755802 0.170000
22 16252600 rs77287660 0.080000
22 16256780 rs200839678 0.010000
22 16257849 rs202148199 0.010000
22 16260678 rs148271204 0.220000
22 16262294 rs190497061 0.020000
22 16263510 rs201918119 0.020000
22 16265053 rs75783648 0.580000
22 16265110 rs2212121 0.080000
22 16267558 rs146675715 0.620000
22 16269829 rs114833654 0.550000
22 16277622 rs76384065 0.360000
22 16281208 rs139144787 0.040000
22 16285169 rs192723103 0.000500
22 16285178 rs184299536 0.000500
22 16285185 rs113821875 0.010000
22 16285888 rs138085157 0.130000
22 16285976 rs201892312 0.170000
22 16285997 rs76773885 0.170000
22 16286442 rs141944226 0.080000
22 16286465 rs150703810 0.080000
22 16286468 rs73387903 0.530000
22 16286632 rs143857277 0.120000
22 16286643 rs148422877 0.100000
22 16286998 rs139793660 0.000500
22 16286999 rs114421124 0.000900
22 16287025 rs149701308 0.010000
22 16287051 rs118134140 0.020000
22 16287132 rs187177446 0.000500
22 16287155 rs73877828 0.150000
22 16287215 rs142611479 0.010000
22 16287226 rs200338924 0.010000
22 16287365 rs201721965 0.000900
22 16287649 rs201243560 0.040000
22 16287784 rs200375190 0.010000
22 16287851 rs72485235 0.130000
22 16287912 rs191582961 0.010000
22 16288538 rs62224840 0.680000
22 16288704 rs111550037 0.200000
22 16288716 rs79916377 0.070000
22 16288739 rs78888200 0.280000
22 16288742 rs76462367 0.670000
22 16288751 rs189005960 0.000900
22 16288776 rs67775324 0.690000
22 16288802 rs192852333 0.001400
22 16288803 rs185709769 0.000500
22 16289308 rs147620805 0.003200
22 16289328 rs114934259 0.060000
22 16289336 rs190224195 0.000500
22 16289344 rs181055205 0.001800
22 16289678 rs185945533 0.003700
22 16289679 rs151023508 0.010000
22 16289719 rs188793469 0.000900
22 16289869 rs181324607 0.010000
22 16290368 rs142123959 0.020000
22 16302423 rs142725898 0.020000
22 16304758 rs117894294 0.050000
22 16304864 rs146774879 0.001800
22 16305216 rs185590648 0.010000
22 16305499 rs118033848 0.380000
22 16309704 rs77499060 0.420000
22 16318100 rs200604696 0.080000
22 16335491 rs190648061 0.001400
22 16336835 rs201285285 0.030000
22 16339569 rs147305558 0.020000
22 16340551 rs140299788 0.110000
22 16340912 rs150992228 0.010000
22 16340967 rs183258303 0.000500
22 16340992 rs11167408 0.030000
22 16341116 rs715491 0.150000
22 16341196 rs147037834 0.030000
22 16341442 rs187630378 0.004600
22 16342339 rs138269854 0.040000
22 16343293 rs115824491 0.030000
22 16343295 rs191947159 0.020000
22 16343889 rs182953605 0.002700
22 16344084 rs186603317 0.000500
22 16344214 rs114134653 0.010000
22 16344339 rs191152782 0.010000
22 16344934 rs1143975 0.860000
22 16345938 rs182614897 0.001800
22 16345954 rs142339544 0.130000
22 16345981 rs10154736 0.010000
22 16346072 rs139649510 0.004600
22 16346096 rs11913576 0.120000
22 16346811 rs115323858 0.030000
22 16348768 rs145109681 0.010000
22 16350785 rs200152683 0.030000
22 16351935 rs200408163 0.020000
22 16352155 rs193167091 0.000900
22 16352209 rs185132404 0.010000
22 16352247 rs148221932 0.010000
22 16352391 rs150355155 0.080000
22 16352460 rs138017526 0.002300
22 16353218 rs146025012 0.060000
22 16355995 rs201659640 0.030000
22 16356432 rs139857658 0.010000
22 16356494 rs2520626 0.170000
22 16357846 rs141811899 0.200000
22 16357856 rs145767612 0.040000
22 16364014 rs200167186 0.010000
22 16364197 rs10154709 0.040000
22 16364719 rs190825908 0.001800
22 16364748 rs193060667 0.000500
22 16364825 rs6010455 0.010000
22 16364923 rs5771604 0.430000
22 16364957 rs184768713 0.000500
22 16364969 rs188367464 0.000500
22 16365289 rs141818524 0.610000
22 16368171 rs201020033 0.060000
22 16373300 rs185737495 0.000500
22 16379672 rs201036110 0.010000
22 16381531 rs200394637 0.070000
22 16383657 rs201943618 0.040000
22 16385217 rs199993469 0.060000
22 16385241 rs201204557 0.080000
22 16387111 rs2845267 0.840000
22 16387239 rs202005674 0.003200
22 16388301 rs2154872 0.730000
22 16388331 rs9671524 0.010000
22 16393311 rs145407433 0.600000
22 16393312 rs138132527 0.120000
22 16394104 rs138707870 0.010000
22 16394672 rs200584283 0.070000
22 16399705 rs201777349 0.040000
22 16400539 rs186650099 0.000900
22 16400913 rs192430678 0.000500
22 16400932 rs141150933 0.040000
22 16400935 rs183954400 0.000900
22 16400953 rs186154733 0.020000
22 16401009 rs144861397 0.010000
22 16401013 rs148311980 0.020000
22 16401049 rs150814414 0.010000
22 16401092 rs138221098 0.010000
22 16401179 rs61419081 0.010000
22 16405102 rs144927715 0.060000
22 16407026 rs189735487 0.010000
22 16407364 rs182080232 0.001400
22 16407367 rs143221670 0.030000
22 16407388 rs150865081 0.010000
22 16412229 rs200049935 0.080000
22 16414031 rs142219942 0.040000
22 16418630 rs145893488 0.010000
22 16419610 rs149246829 0.004100
22 16419620 rs187165293 0.000900
22 16419845 rs192700366 0.002300
22 16420712 rs77828151 0.090000
22 16423001 rs183782265 0.000900
22 16423023 rs188319963 0.001800
22 16423023 rs71254085 0.060000
22 16424559 rs193050994 0.020000
22 16425928 rs202029296 0.050000
22 16428267 rs143382327 0.010000
22 16432800 rs184923214 0.002300
22 16432988 rs141841004 0.030000
22 16433365 rs149544522 0.040000
22 16433369 rs144130383 0.010000
22 16433595 rs141957718 0.010000
22 16433771 rs62222525 0.480000
22 16433810 rs151097303 0.003700
22 16434315 rs149862772 0.002300
22 16434324 rs187720568 0.000900
22 16437919 rs138769822 0.003700
22 16446291 rs191585249 0.002700
22 16446304 rs74826312 0.030000
22 16446491 rs145558278 0.020000
22 16449075 rs138257042 0.010000
22 16458258 rs183760888 0.003200
22 16458993 rs201059109 0.002700
22 16459562 rs189947603 0.002300
22 16459572 rs200126408 0.020000
22 16459587 rs140336022 0.110000
22 16459608 rs181219748 0.010000
22 16459650 rs145409338 0.010000
22 16460218 rs9628394 0.010000
22 16461831 rs184737035 0.000900
22 16461839 rs114845572 0.002700
22 16462950 rs190080431 0.000900
22 16463053 rs181376480 0.004600
22 16464375 rs2236634 0.040000
22 16464391 rs186300407 0.000900
22 16464422 rs2236636 0.510000
22 16464502 rs148610680 0.080000
22 16468331 rs190855979 0.000500
22 16469059 rs181025021 0.000900
22 16470603 rs9628332 0.010000
22 16471042 rs185004031 0.390000
22 16471142 rs191567108 0.040000
22 16471461 rs80249085 0.740000
22 16471661 rs200860190 0.100000
22 16474234 rs183073241 0.002300
22 16477393 rs188068250 0.260000
22 16477431 rs191608311 0.004600
22 16477944 rs182991353 0.004100
22 16477960 rs202207951 0.003700
22 16478623 rs142506029 0.002700
22 16481734 rs145284065 0.030000
22 16482313 rs200311424 0.010000
22 16482579 rs188077271 0.000500
22 16483215 rs192448728 0.001800
22 16484973 rs183917346 0.003700
22 16486047 rs187644504 0.010000
22 16486058 rs192623840 0.020000
22 16486124 rs111913812 0.002700
22 16486147 rs184785667 0.000900
22 16486205 rs139659485 0.060000
22 16486217 rs116432166 0.060000
22 16486963 rs189691017 0.010000
22 16488361 rs181677156 0.002700
22 16488367 rs184332639 0.000500
22 16488403 rs189445509 0.001800
22 16488436 rs146620716 0.001800
22 16488603 rs74552073 0.650000
22 16488635 rs3949130 0.090000
22 16490204 rs141333102 0.050000
22 16490209 rs181834682 0.000500
22 16490312 rs187249052 0.010000
22 16490337 rs190786834 0.010000
22 16490343 rs150832357 0.010000
22 16490344 rs139253121 0.010000
22 16490405 rs146580744 0.010000
22 16490618 rs144208691 0.500000
22 16490622 rs143823273 0.004600
22 16491107 rs149016614 0.010000
22 16491151 rs180704108 0.001400
22 16491753 rs186505505 0.000500
22 16493866 rs190221351 0.002300
22 16494187 rs8142331 0.010000
22 16494199 rs138579512 0.020000
22 16494682 rs8141539 0.010000
22 16495458 rs187463635 0.001800
22 16495833 rs116911124 0.130000
22 16496182 rs190496872 0.010000
22 16496916 rs183463779 0.002300
22 16497038 rs139358392 0.060000
22 16498387 rs56272738 0.110000
22 16498839 rs150338766 0.010000
22 16499584 rs201386343 0.200000
22 16499650 rs188874451 0.000500
22 16499666 rs192364577 0.000900
22 16499686 rs182808734 0.000900
22 16499689 rs188162768 0.001400
22 16499706 rs191602181 0.010000
22 16500234 rs184464675 0.010000
22 16502575 rs189007619 0.010000
22 16502742 rs191979182 0.001400
22 16503167 rs185584181 0.010000
22 16503200 rs190588369 0.010000
22 16503519 rs181047560 0.001800
22 16504363 rs185995569 0.020000
22 16504399 rs4911642 0.760000
22 16504480 rs188808251 0.003700
22 16504489 rs199630767 0.060000
22 16504491 rs6010340 0.690000
22 16504500 rs144151085 0.680000
22 16504502 rs181325785 0.030000
22 16505804 rs6010342 0.330000
22 16507305 rs185588490 0.000500
22 16507525 rs2871145 0.030000
22 16507577 rs138231453 0.001400
22 16507588 rs149582909 0.070000
22 16507597 rs144355890 0.070000
22 16507648 rs143362379 0.000500
22 16508152 rs10154456 0.060000
22 16508156 rs190654308 0.000900
22 16508159 rs144215925 0.004600
22 16508303 rs183498341 0.000900
22 16508335 rs187385688 0.020000
22 16508648 rs149903157 0.010000
22 16508801 rs145038732 0.060000
22 16510565 rs147500076 0.040000
22 16510865 rs149634182 0.050000
22 16510874 rs192279599 0.000500
22 16511122 rs201030475 0.030000
22 16511148 rs182695289 0.020000
22 16511358 rs187815093 0.001400
22 16511388 rs142487153 0.000500
22 16511478 rs191152915 0.001400
22 16512331 rs149138944 0.003700
22 16512491 rs145589858 0.770000
22 16512519 rs141566095 0.770000
22 16512787 rs186849518 0.060000
22 16514036 rs192251748 0.010000
22 16514160 rs115260912 0.150000
22 16515562 rs201714919 0.470000
22 16515917 rs76445111 0.110000
22 16515973 rs76494180 0.470000
22 16516400 rs114290574 0.010000
22 16518106 rs185262143 0.000500
22 16518108 rs144007398 0.040000
22 16518157 rs147900909 0.500000
22 16519289 rs151067819 0.030000
22 16520141 rs6010269 0.070000
22 16520631 rs193237985 0.000900
22 16520948 rs145894598 0.060000
22 16521058 rs141540571 0.010000
22 16521703 rs150571139 0.003700
22 16523696 rs139734002 0.050000
22 16523703 rs114945475 0.010000
22 16523730 rs2871148 0.160000
22 16523848 rs145370346 0.150000
22 16524572 rs201559234 0.050000
22 16526596 rs140665408 0.010000
22 16526909 rs188367742 0.010000
22 16526938 rs2096643 0.030000
22 16526962 rs180678652 0.000500
22 16527116 rs2105560 0.050000
22 16527133 rs10154548 0.030000
22 16527192 rs199697414 0.004600
22 16527268 rs143076107 0.004600
22 16528153 rs4497971 0.990000
22 16528299 rs150625978 0.010000
22 16528345 rs139690857 0.010000
22 16528382 rs181902955 0.000500
22 16528441 rs9617284 0.120000
22 16528697 rs4911672 0.050000
22 16528959 rs146599895 0.003700
22 16529110 rs141461161 0.001400
22 16529128 rs150942912 0.000500
22 16529165 rs200641152 0.030000
22 16531653 rs186880473 0.010000
22 16531706 rs192086532 0.000500
22 16531913 rs202009083 0.160000
22 16532043 rs143781175 0.040000
22 16532046 rs9617168 0.140000
22 16532684 rs184119856 0.001800
22 16532691 rs12330035 0.010000
22 16532697 rs55673616 0.060000
22 16532797 rs4502529 0.990000
22 16534156 rs137964151 0.020000
22 16534584 rs138657771 0.010000
22 16534594 rs116288509 0.001400
22 16534925 rs138202104 0.050000
22 16535469 rs146092287 0.001800
22 16535470 rs186154910 0.050000
22 16535473 rs140053571 0.001800
22 16535875 rs74778867 0.020000
22 16535898 rs189733831 0.002700
22 16535899 rs139429997 0.050000
22 16536304 rs150059886 0.010000
22 16536310 rs147783986 0.050000
22 16537152 rs149051471 0.010000
22 16537207 rs143146530 0.070000
22 16537357 rs1118465 0.580000
22 16537371 rs182168090 0.002300
22 16537460 rs4519646 0.050000
22 16537718 rs10154296 0.060000
22 16538532 rs148559327 0.080000
22 16538721 rs187177466 0.004600
22 16538729 rs191324258 0.001800
22 16539761 rs183576249 0.000500
22 16539890 rs115989484 0.010000
22 16540138 rs12483914 0.050000
22 16540580 rs145588476 0.010000
22 16540593 rs188719527 0.000900
22 16540701 rs192845883 0.050000
22 16540702 rs75770368 0.510000
22 16540723 rs185693757 0.000500
22 16541059 rs148876765 0.050000
22 16541711 rs63749484 0.060000
22 16541811 rs141095186 0.030000
22 16543138 rs138187200 0.020000
22 16544712 rs202176963 0.050000
22 16545823 rs146482223 0.070000
22 16546199 rs145593513 0.010000
22 16546256 rs72613665 1.000000
22 16546268 rs187728943 0.000500
22 16546519 rs191589280 0.000900
22 16546539 rs183770296 0.040000
22 16546610 rs74815405 0.000900
22 16546624 rs181258831 0.000500
22 16546826 rs146837100 0.010000
22 16546852 rs143364046 0.010000
22 16547075 rs149248677 0.070000
22 16549683 rs4552291 0.120000
22 16550486 rs151226223 0.040000
22 16551319 rs145179935 0.040000
22 16551333 rs142476613 0.010000
22 16553441 rs114729403 0.000500
22 16553457 rs142001897 0.010000
22 16554126 rs142304064 0.002300
22 16554134 rs8175911 0.050000
22 16554141 rs139847969 0.001400
22 16554159 rs184620804 0.010000
22 16554358 rs190332831 0.004100
22 16554366 rs149303769 0.010000
22 16554420 rs148490501 0.010000
22 16554474 rs142681077 0.010000
22 16554499 rs117120972 0.040000
22 16554505 rs8190232 0.010000
22 16554521 rs8190133 0.020000
22 16554529 rs8190233 0.010000
22 16554530 rs116603641 0.010000
22 16554544 rs144575041 0.010000
22 16554568 rs60449300 0.000500
22 16554584 rs147906890 0.000900
22 16554619 rs186420556 0.000500
22 16554629 rs141617331 0.010000
22 16554713 rs190870148 0.000000
22 16554748 rs150463160 0.000500
22 16554781 rs12628869 0.070000
22 16554782 rs145341389 0.010000
22 16554825 rs180936299 0.000500
22 16554885 rs185008112 0.000500
22 16554886 rs78922722 0.020000
22 16554896 rs190645564 0.010000
22 16554948 rs149231543 0.000900
22 16554961 rs138996050 0.000900
22 16554965 rs142368427 0.010000
22 16554966 rs144585257 0.003200
22 16554969 rs138611399 0.004600
22 16555011 rs141195732 0.050000
22 16555061 rs10154776 0.060000
22 16555145 rs183354970 0.000500
22 16555297 rs187790708 0.001800
22 16555977 rs191910049 0.030000
22 16555996 rs183006862 0.000500
22 16556033 rs188082714 0.001400
22 16556043 rs192450759 0.004100
22 16557335 rs151051351 0.010000
22 16557382 rs141050551 0.020000
22 16557488 rs150236477 0.070000
22 16557757 rs140705693 0.610000
22 16559296 rs183922142 0.000500
22 16559692 rs186862687 0.000500
22 16559707 rs192222037 0.000500
22 16559877 rs142873856 0.000900
22 16559906 rs11167355 0.030000
22 16559913 rs184904327 0.000500
22 16563359 rs189416318 0.880000
22 16564602 rs114670717 0.010000
22 16565595 rs143687143 0.002700
22 16565738 rs150926708 0.040000
22 16565817 rs182168533 0.000500
22 16565828 rs184253607 0.010000
22 16565852 rs142106480 0.000500
22 16565903 rs141352052 0.010000
22 16566312 rs72485242 0.040000
22 16566314 rs149532599 0.040000
22 16566316 rs189447639 0.001400
22 16566319 rs202082800 0.010000
22 16566333 rs181920581 0.000900
22 16566347 rs1988770 0.060000
22 16566779 rs146209410 0.220000
22 16567450 rs4586747 0.030000
22 16568293 rs9617301 0.010000
22 16569875 rs140308399 0.010000
22 16569883 rs144166234 0.040000
22 16569955 rs191037324 0.000500
22 16571065 rs4911712 0.010000
22 16572992 rs144358351 0.010000
22 16575479 rs117959655 0.060000
22 16576690 rs186730422 0.001400
22 16576961 rs145656751 0.020000
22 16577044 rs200929253 0.010000
22 16577794 rs138770604 0.040000
22 16578153 rs191174686 0.002300
22 16580254 rs62221126 0.810000
22 16580644 rs149725799 0.010000
22 16580686 rs183135053 0.000900
22 16580830 rs144147354 0.010000
22 16581136 rs186036687 0.030000
22 16581158 rs138206119 0.480000
22 16581240 rs143224004 0.002300
22 16581253 rs148332460 0.040000
22 16581386 rs138475853 0.050000
22 16581598 rs147328899 0.001800
22 16581604 rs149462843 0.002300
22 16582201 rs190511824 0.000500
22 16582216 rs141626260 0.040000
22 16582221 rs146256635 0.050000
22 16582258 rs183486798 0.000500
22 16582604 rs188597959 0.000500
22 16583682 rs201455661 0.070000
22 16583853 rs192738939 0.004600
22 16583965 rs139611507 0.080000
22 16583970 rs182553386 0.010000
22 16583984 rs188368484 0.004100
22 16583990 rs191604799 0.000500
22 16584095 rs199990312 0.120000
22 16584856 rs147063595 0.002300
22 16585472 rs146215705 0.010000
22 16586450 rs148701552 0.040000
22 16586523 rs199569943 0.030000
22 16586849 rs183849172 0.000900
22 16587008 rs189020211 0.010000
22 16587336 rs202173551 0.050000
22 16587388 rs191892761 0.001400
22 16587411 rs146832013 0.001400
22 16587456 rs184736584 0.001400
22 16587520 rs190343790 0.000500
22 16587891 rs181080241 0.000500
22 16587945 rs185872219 0.010000
22 16588218 rs189981832 0.000500
22 16588367 rs181329259 0.000500
22 16588634 rs138591521 0.050000
22 16588741 rs185603576 0.001400
22 16589394 rs190660512 0.000900
22 16589445 rs182891826 0.010000
22 16589673 rs151261992 0.040000
22 16589728 rs187653012 0.001400
22 16590092 rs191884415 0.000500
22 16590109 rs140754144 0.010000
22 16590523 rs182980978 0.000500
22 16590536 rs8190080 0.050000
22 16590594 rs187637661 0.001800
22 16590627 rs114523218 0.010000
22 16590628 rs191159199 0.000900
22 16590657 rs73154734 0.130000
22 16590668 rs147257289 0.070000
22 16590900 rs117347043 0.070000
22 16590929 rs182536266 0.000500
22 16590936 rs186853123 0.001400
22 16592392 rs200368371 0.030000
22 16592399 rs146867113 0.010000
22 16592793 rs138519756 0.002300
22 16593390 rs192257146 0.000500
22 16593511 rs139328534 0.010000
22 16594807 rs143768252 0.050000
22 16594818 rs148580812 0.001800
22 16595524 rs140240976 0.010000
22 16595552 rs117578132 0.070000
22 16595579 rs147577894 0.040000
22 16596840 rs138957395 0.001400
22 16596903 rs74993299 0.010000
22 16596911 rs149321808 0.060000
22 16596979 rs143681639 0.010000
22 16596981 rs148087901 0.060000
22 16598988 rs190753379 0.000500
22 16599631 rs193071010 0.000500
22 16599935 rs185552062 0.050000
22 16600041 rs147594099 0.030000
22 16600056 rs142040194 0.030000
22 16600090 rs201906301 0.040000
22 16600330 rs146037337 0.010000
22 16601020 rs188380659 0.000500
22 16601048 rs180691303 0.001400
22 16601412 rs138900103 0.040000
22 16601840 rs199981805 0.030000
22 16602583 rs75381043 0.060000
22 16602601 rs185745570 0.000500
22 16602668 rs201154583 0.120000
22 16603344 rs140449647 0.010000
22 16603512 rs145491969 0.090000
22 16603591 rs188648686 0.050000
22 16604398 rs142602094 0.010000
22 16605889 rs149620020 0.001800
22 16606394 rs150751559 0.050000
22 16606867 rs181682370 0.000900
22 16606875 rs144997238 0.050000
22 16606881 rs141159475 0.050000
22 16606886 rs143485634 0.010000
22 16607786 rs150255608 0.000500
22 16610235 rs2105567 0.030000
22 16610324 rs149126075 0.010000
22 16610743 rs141774747 0.002300
22 16611577 rs150310176 0.010000
22 16611586 rs137906192 0.001400
22 16613613 rs191681372 0.001400
22 16615778 rs182198635 0.010000
22 16615781 rs138615536 0.060000
22 16615895 rs187199439 0.000500
22 16616182 rs114315606 0.001400
22 16616224 rs189750332 0.001400
22 16616344 rs148685136 0.010000
22 16616403 rs182170005 0.000500
22 16616437 rs187181179 0.000500
22 16617610 rs149817003 0.004600
22 16617627 rs77443964 0.790000
22 16618114 rs190026290 0.000500
22 16618157 rs183806455 0.000500
22 16618159 rs140208850 0.050000
22 16618172 rs188438229 0.001800
22 16618839 rs138671245 0.000500
22 16618849 rs193055050 0.000900
22 16619020 rs147419636 0.001800
22 16619609 rs145330496 0.050000
22 16620357 rs185577165 0.010000
22 16620365 rs144509611 0.000900
22 16620375 rs140246710 0.010000
22 16620380 rs187736958 0.001800
22 16620538 rs191592386 0.000900
22 16620553 rs201790273 0.030000
22 16620558 rs145218209 0.090000
22 16621294 rs183774171 0.010000
22 16623212 rs200584980 0.040000
22 16624084 rs143860515 0.050000
22 16624093 rs115606327 0.040000
22 16624446 rs144707185 0.002700
22 16624702 rs4530463 0.480000
22 16624726 rs2096668 0.770000
22 16624736 rs111618951 0.000500
22 16624766 rs140173966 0.010000
22 16624789 rs181326666 0.000500
22 16624827 rs117299530 0.050000
22 16624987 rs117457592 0.050000
22 16625027 rs79705640 0.050000
22 16626971 rs184758726 0.000900
22 16626992 rs189990953 0.140000
22 16627245 rs181632223 0.010000
22 16627340 rs187379130 0.000900
22 16627356 rs190873695 0.002300
22 16627358 rs180948312 0.010000
22 16627676 rs201652003 0.050000
22 16627688 rs117756979 0.040000
22 16627722 rs141392933 0.003700
22 16627730 rs150857093 0.050000
22 16628321 rs78701447 0.800000
22 16628713 rs146120881 0.980000
22 16628768 rs140206690 0.040000
22 16628784 rs185024345 0.010000
22 16628836 rs73877830 0.000900
22 16628861 rs75379609 0.000900
22 16628905 rs144819204 0.004600
22 16628907 rs188086416 0.003700
22 16629378 rs200140724 0.140000
22 16629389 rs191631258 0.002700
22 16629750 rs142044859 0.002300
22 16629945 rs183635165 0.010000
22 16629961 rs141211340 0.010000
22 16630793 rs188085031 0.002700
22 16631169 rs140804201 0.010000
22 16631192 rs150169271 0.010000
22 16631196 rs192464297 0.002300
22 16631658 rs184768411 0.001400
22 16631661 rs201709929 0.020000
22 16631721 rs10154442 0.010000
22 16631729 rs143648194 0.050000
22 16631737 rs192516525 0.000900
22 16631738 rs7289339 0.140000
22 16631855 rs142850344 0.110000
22 16631916 rs10154309 0.010000
22 16631921 rs1118665 0.150000
22 16631953 rs10154459 0.060000
22 16632876 rs189803776 0.001400
22 16632893 rs146737495 0.640000
22 16633240 rs139777514 0.040000
22 16633275 rs192995380 0.000900
22 16633416 rs184258966 0.001800
22 16633434 rs189461356 0.000500
22 16633588 rs151231161 0.003200
22 16633610 rs140388987 0.050000
22 16633630 rs181922237 0.000900
22 16634791 rs186150834 0.000900
22 16634945 rs189190117 0.000900
22 16637483 rs145562962 0.150000
22 16637501 rs148442741 0.030000
22 16637641 rs201190657 0.060000
22 16637763 rs180720727 0.004100
22 16638412 rs186516442 0.050000
22 16638427 rs191421059 0.001800
22 16638446 rs183563518 0.004600
22 16638862 rs76985837 0.020000
22 16638866 rs116987804 0.020000
22 16638894 rs146908746 0.020000
22 16639190 rs186145066 0.001800
22 16639445 rs190513925 0.090000
22 16641018 rs183374454 0.070000
22 16641044 rs187716322 0.001400
22 16641660 rs192479180 0.060000
22 16641830 rs139154506 0.050000
22 16641845 rs182833908 0.002700
22 16641936 rs188090019 0.000500
22 16641944 rs192883410 0.000500
22 16644857 rs80319087 0.140000
22 16644888 rs74194796 0.050000
22 16645749 rs138386113 0.120000
22 16646087 rs137923339 0.160000
22 16646091 rs142595211 0.160000
22 16646178 rs76219869 0.120000
22 16646235 rs183858004 0.002300
22 16646301 rs150787608 0.040000
22 16646304 rs77548540 0.110000
22 16646307 rs149976258 0.120000
22 16647000 rs141234011 0.710000
22 16647315 rs143825918 0.060000
22 16647362 rs189029564 0.001400
22 16647390 rs199664233 0.010000
22 16647409 rs140119286 0.040000
22 16647426 rs5771549 0.490000
22 16647718 rs191897183 0.000500
22 16647724 rs138682544 0.010000
22 16647816 rs184747857 0.030000
22 16647893 rs190605925 0.000900
22 16648110 rs181082495 0.003700
22 16648391 rs200639552 0.010000
22 16648657 rs186008130 0.000500
22 16648658 rs117982183 0.050000
22 16648679 rs189027383 0.000500
22 16649614 rs141031849 0.990000
22 16649762 rs145424908 0.040000
22 16649942 rs181338410 0.002300
22 16650301 rs146424997 0.010000
22 16652400 rs185511197 0.003200
22 16653143 rs202189478 0.020000
22 16653217 rs190666433 0.001400
22 16653467 rs183000941 0.000900
22 16654045 rs186584324 0.830000
22 16654153 rs192198052 0.010000
22 16654402 rs182705590 0.150000
22 16655063 rs142943182 0.010000
22 16656055 rs140824532 0.080000
22 16656791 rs200305287 0.003200
22 16657210 rs201280653 0.040000
22 16657214 rs187929828 0.000900
22 16657222 rs192213629 0.000500
22 16658018 rs182539666 0.001400
22 16658027 rs186864051 0.050000
22 16658037 rs146203937 0.010000
22 16658045 rs199729825 0.130000
22 16658046 rs200697940 0.130000
